0.0357143,0.848081
0.107143,0.859596
0.178571,0.86463
0.25,0.867982
0.321429,0.874762
0.392857,0.884073
0.464286,0.9012
0.535714,0.913192
0.607143,0.923704
0.678571,0.937371
0.75,0.947946
0.821429,0.961295
0.892857,0.972197
0.964286,0.982846
1.03571,0.990184
1.10714,0.996765
1.17857,1.00084
1.25,1.00281
1.32143,1.00555
1.39286,1.00675
1.46429,1.00771
1.53571,1.0079
1.60714,1.00604
1.67857,1.00554
1.75,1.00263
1.82143,1.00115
1.89286,0.999805
1.96429,0.99831
2.03571,0.997509
2.10714,0.997581
2.17857,0.996961
2.25,0.998502
2.32143,0.999262
2.39286,0.999153
2.46429,0.999883
2.53571,0.999866
2.60714,1.00018
2.67857,1.00033
2.75,1.0002
2.82143,1.00053
2.89286,1.00002
2.96429,1.00006
3.03571,1.00041
3.10714,1.0001
3.17857,1.00001
3.25,0.999865
3.32143,0.999986
3.39286,1.00003
3.46429,1.00005
3.53571,1.00004
3.60714,0.999402
3.67857,0.999243
3.75,1.00008
3.82143,0.999959
3.89286,0.999493
3.96429,1.00016
4.03571,1.00042
4.10714,0.999971
4.17857,0.999916
4.25,0.999645
4.32143,1.00007
4.39286,0.999966
4.46429,1
4.53571,1.00002
4.60714,0.999684
4.67857,0.999474
4.75,0.999994
4.82143,0.999868
4.89286,0.999895
4.96429,1.00019
