Sq,q
0.19355519412032396,1.0
0.1943804456711763,1.007007007007007
0.19517385880335014,1.014014014014014
0.19593575445379297,1.021021021021021
0.19666647189634567,1.028028028028028
0.19736636834922439,1.035035035035035
0.19803581857186014,1.042042042042042
0.19867521445148195,1.049049049049049
0.19928496457980516,1.0560560560560561
0.1998654938202068,1.063063063063063
0.20041724286577378,1.07007007007007
0.2009406677886132,1.077077077077077
0.20143623958082868,1.084084084084084
0.20190444368754445,1.0910910910910911
0.2023457795324154,1.098098098098098
0.2027607600359972,1.105105105105105
0.20314991112741798,1.112112112112112
0.20351377124975267,1.1191191191191192
0.2038528908595333,1.1261261261261262
0.20416783192081145,1.1331331331331331
0.20445916739419556,1.14014014014014
0.20472748072130487,1.147147147147147
0.20497336530505583,1.1541541541541542
0.20519742398622165,1.1611611611611612
0.2054002685166958,1.1681681681681682
0.20558251902988844,1.1751751751751751
0.20574480350869695,1.1821821821821823
0.2058877572514778,1.1891891891891893
0.20601202233645777,1.1961961961961962
0.20611824708501014,1.2032032032032032
0.2062070855242425,1.2102102102102101
0.20627919684929763,1.2172172172172173
0.2063352448858351,1.2242242242242243
0.20637589755308505,1.2312312312312312
0.20640182632791115,1.2382382382382382
0.20641370571030948,1.2452452452452452
0.20641221269075016,1.2522522522522523
0.20639802621977899,1.2592592592592593
0.20637182668029685,1.2662662662662663
0.20633429536290915,1.2732732732732732
0.20628611394476049,1.2802802802802802
0.20622796397223597,1.2872872872872874
0.20616052634793902,1.2942942942942943
0.20608448082231856,1.3013013013013013
0.20600050549032367,1.3083083083083082
0.20590927629347944,1.3153153153153152
0.20581146652772286,1.3223223223223224
0.20570774635738642,1.3293293293293293
0.20559878233566964,1.3363363363363363
0.20548523693194776,1.3433433433433433
0.205367768066263,1.3503503503503502
0.20524702865132438,1.3573573573573574
0.20512366614234046,1.3643643643643644
0.20499832209501112,1.3713713713713713
0.2048716317319652,1.3783783783783785
0.2047442235179714,1.3853853853853852
0.20461671874419052,1.3923923923923924
0.2044897311217534,1.3993993993993994
0.20436386638494852,1.4064064064064064
0.20423972190427242,1.4134134134134135
0.20411788630959082,1.4204204204204205
0.20399893912367073,1.4274274274274275
0.2038834504062973,1.4344344344344344
0.20377198040921385,1.4414414414414414
0.20366507924208854,1.4484484484484486
0.20356328654971312,1.4554554554554555
0.2034671312006291,1.4624624624624625
0.20337713098735966,1.4694694694694694
0.20329379233840772,1.4764764764764764
0.20321761004220573,1.4834834834834836
0.2031490669831404,1.4904904904904905
0.2030886338898018,1.4974974974974975
0.2030367690955831,1.5045045045045045
0.20299391831174363,1.5115115115115114
0.20296051441304297,1.5185185185185186
0.202936977236037,1.5255255255255256
0.20292371339012216,1.5325325325325325
0.2029211160813862,1.5395395395395395
0.20292956494934522,1.5465465465465464
0.20294942591659404,1.5535535535535536
0.2029810510514216,1.5605605605605606
0.2030247784434106,1.5675675675675675
0.2030809320920406,1.5745745745745747
0.2031498218082839,1.5815815815815815
0.203231743129212,1.5885885885885886
0.20332697724556204,1.5955955955955956
0.20343579094226594,1.6026026026026026
0.2035584365518729,1.6096096096096097
0.20369515192083,1.6166166166166165
0.2038461603885554,1.6236236236236237
0.20401167077922866,1.6306306306306306
0.20419187740621636,1.6376376376376376
0.20438696008903967,1.6446446446446448
0.20459708418277311,1.6516516516516515
0.20482240061977441,1.6586586586586587
0.20506304596360303,1.6656656656656657
0.20531914247501137,1.6726726726726726
0.20559079818984416,1.6796796796796798
0.2058781070087189,1.6866866866866865
0.20618114879829808,1.6936936936936937
0.20649998950399717,1.7007007007007007
0.20683468127394766,1.7077077077077076
0.20718526259401815,1.7147147147147148
0.20755175843369789,1.7217217217217216
0.20793418040264766,1.7287287287287287
0.20833252691768267,1.7357357357357357
0.20874678337998154,1.7427427427427427
0.20917692236229368,1.7497497497497498
0.20962290380588822,1.7567567567567568
0.21008467522702767,1.7637637637637638
0.21056217193268978,1.7707707707707707
0.2110553172452978,1.7777777777777777
0.2115640227361839,1.7847847847847849
0.21208818846752808,1.7917917917917918
0.2126277032424746,1.7987987987987988
0.21318244486317395,1.805805805805806
0.2137522803964379,1.8128128128128127
0.21433706644672756,1.8198198198198199
0.21493664943617885,1.8268268268268268
0.2155508658913624,1.8338338338338338
0.21617954273646667,1.840840840840841
0.21682249759260508,1.8478478478478477
0.2174795390829336,1.854854854854855
0.2181504671432527,1.8618618618618619
0.21883507333779018,1.8688688688688688
0.21953314117982892,1.875875875875876
0.22024444645686736,1.8828828828828827
0.22096875755998124,1.88988988988989
0.22170583581706327,1.896896896896897
0.2224554358296018,1.9039039039039038
0.22321730581267996,1.910910910910911
0.22399118793786932,1.9179179179179178
0.22477681867865607,1.924924924924925
0.22557392915811214,1.931931931931932
0.22638224549844432,1.9389389389389389
0.22720148917210448,1.945945945945946
0.22803137735413426,1.9529529529529528
0.22887162327540256,1.95995995995996
0.22972193657641937,1.966966966966967
0.2305820236613917,1.973973973973974
0.23145158805220134,1.980980980980981
0.23233033074197507,1.9879879879879878
0.23321795054793293,1.994994994994995
0.23411414446319923,2.002002002002002
0.23501860800725083,2.009009009009009
0.2359310355746984,2.016016016016016
0.23685112078209447,2.023023023023023
0.23777855681246063,2.03003003003003
0.23871303675722666,2.037037037037037
0.23965425395530127,2.044044044044044
0.24060190232896872,2.051051051051051
0.24155567671632916,2.058058058058058
0.24251527320000443,2.065065065065065
0.24348038943182204,2.0720720720720722
0.24445072495322184,2.079079079079079
0.2454259815111045,2.086086086086086
0.2464058633688675,2.093093093093093
0.2473900776123802,2.1001001001001
0.24837833445064328,2.1071071071071072
0.24937034751089115,2.1141141141141144
0.2503658341279107,2.121121121121121
0.2513645156273402,2.128128128128128
0.2523661176027322,2.135135135135135
0.2533703701861668,2.1421421421421423
0.25437700831220833,2.1491491491491495
0.2553857719750048,2.156156156156156
0.2563964064783447,2.163163163163163
0.2574086626784817,2.17017017017017
0.25842229721955634,2.1771771771771773
0.259437072761442,2.1841841841841845
0.260452758199865,2.191191191191191
0.2614691288786374,2.198198198198198
0.26248596679386516,2.205205205205205
0.26350306078999586,2.2122122122122123
0.26452020674758636,2.2192192192192195
0.26553720776265743,2.2262262262262262
0.2665538743175423,2.233233233233233
0.2675700244431235,2.24024024024024
0.26858548387236325,2.2472472472472473
0.26960008618504905,2.2542542542542545
0.27061367294367655,2.2612612612612613
0.2716260938204126,2.268268268268268
0.27263720671506686,2.275275275275275
0.27364687786404496,2.2822822822822824
0.27465498194022075,2.2892892892892895
0.2756614021437246,2.2962962962962963
0.27666603028359793,2.303303303303303
0.2776687668503248,2.31031031031031
0.2786695210792254,2.3173173173173174
0.2796682110047157,2.3243243243243246
0.2806647635054522,2.3313313313313313
0.2816591143403794,2.338338338338338
0.28265120817571243,2.3453453453453452
0.2836409986028918,2.3523523523523524
0.28462844814756105,2.3593593593593596
0.2856135282696173,2.3663663663663663
0.2865962193544017,2.373373373373373
0.28757651069510326,2.3803803803803802
0.288554400466447,2.3873873873873874
0.2895298956897632,2.3943943943943946
0.29050301218952834,2.4014014014014013
0.29147377454147605,2.408408408408408
0.29244221601239717,2.4154154154154153
0.29340837849173373,2.4224224224224224
0.2943723124151033,2.4294294294294296
0.29533407667987166,2.4364364364364364
0.2962937385529262,2.443443443443443
0.29725137357077713,2.4504504504504503
0.29820706543215103,2.4574574574574575
0.2991609058832281,2.4644644644644647
0.3001129945956831,2.4714714714714714
0.3010634390377048,2.4784784784784786
0.30201235433816365,2.4854854854854853
0.30295986314410495,2.4924924924924925
0.30390609547176417,2.4994994994994997
0.3048511885512757,2.5065065065065064
0.3057952866652921,2.5135135135135136
0.3067385409816905,2.5205205205205203
0.3076811093805879,2.5275275275275275
0.30862315627586434,2.5345345345345347
0.30956485243140563,2.5415415415415414
0.31050637477228726,2.5485485485485486
0.3114479061911104,2.5555555555555554
0.3123896353497192,2.5625625625625625
0.3133317564765219,2.5695695695695697
0.31427446915964097,2.5765765765765765
0.31521797813612695,2.5835835835835836
0.31616249307746946,2.5905905905905904
0.3171082283716361,2.5975975975975976
0.3180554029018784,2.6046046046046047
0.3190042398225432,2.611611611611612
0.3199549663321295,2.6186186186186187
0.3209078134438281,2.6256256256256254
0.3218630157537914,2.6326326326326326
0.3228208112073727,2.6396396396396398
0.32378144086356886,2.646646646646647
0.3247451486579299,2.6536536536536537
0.325712181164156,2.6606606606606604
0.3266827873546352,2.6676676676676676
0.32765721836016193,2.674674674674675
0.3286357272290751,2.681681681681682
0.32961856868606143,2.6886886886886887
0.3306059988908485,2.6956956956956954
0.331598275197043,2.7027027027027026
0.3325956559113308,2.70970970970971
0.3335984000532881,2.716716716716717
0.33460676711602044,2.7237237237237237
0.3356210168278698,2.7307307307307305
0.3366414089154053,2.7377377377377377
0.3376682028679301,2.744744744744745
0.3387016577037163,2.751751751751752
0.33974203173818907,2.7587587587587588
0.34078958235427126,2.7657657657657655
0.34184456577510136,2.7727727727727727
0.34290723683932545,2.77977977977978
0.34397784877916715,2.786786786786787
0.34505665300147703,2.793793793793794
0.3461438988719465,2.8008008008008005
0.3472398335026833,2.8078078078078077
0.34834470154332686,2.814814814814815
0.3494587449758869,2.821821821821822
0.35058220291347053,2.828828828828829
0.35171531140308243,2.8358358358358355
0.35285830323264666,2.8428428428428427
0.3540114077424156,2.84984984984985
0.35517485064092036,2.856856856856857
0.35634885382559944,2.863863863863864
0.35753363520826564,2.8708708708708706
0.3587294085455236,2.8778778778778777
0.35993638327428756,2.884884884884885
0.36115476435250893,2.891891891891892
0.36238475210523724,2.898898898898899
0.3636265420761241,2.9059059059059056
0.3648803248844741,2.9129129129129128
0.36614628608793864,2.91991991991992
0.3674246060509485,2.926926926926927
0.3687154598189678,2.933933933933934
0.37001901699864603,2.9409409409409406
0.3713354416439416,2.947947947947948
0.37266489214828435,2.954954954954955
0.37400752114283087,2.961961961961962
0.3753634754008641,2.968968968968969
0.3767328957483923,2.9759759759759756
0.3781159169809677,2.982982982982983
0.37951266778677295,2.98998998998999
0.3809232706759901,2.996996996996997
0.3823478419164774,3.004004004004004
0.38378649147575505,3.011011011011011
0.3852393229693153,3.018018018018018
0.38670643361524804,3.025025025025025
0.3881879141951785,3.032032032032032
0.3896838490214928,3.039039039039039
0.3911943159108425,3.046046046046046
0.39271938616388735,3.053053053053053
0.3942591245512522,3.06006006006006
0.3958135893056506,3.067067067067067
0.3973828321201276,3.074074074074074
0.3989668981523785,3.081081081081081
0.40056582603506785,3.088088088088088
0.4021796478921005,3.095095095095095
0.40380838936076124,3.1021021021021022
0.4054520696196521,3.109109109109109
0.4071107014223462,3.116116116116116
0.4087842911366637,3.123123123123123
0.4104728387894856,3.13013013013013
0.41217633811699705,3.1371371371371373
0.41389477662026697,3.144144144144144
0.4156281356260465,3.151151151151151
0.4173763903526748,3.158158158158158
0.4191395099809838,3.165165165165165
0.42091745773005984,3.1721721721721723
0.42271019093775486,3.179179179179179
0.42451766114580414,3.186186186186186
0.4263398141894179,3.1931931931931934
0.4281765902912097,3.2002002002002
0.430027924159316,3.2072072072072073
0.431893745089562,3.214214214214214
0.43377397707152243,3.2212212212212212
0.43566853889832624,3.2282282282282284
0.437577344280045,3.235235235235235
0.4395003019605156,3.2422422422422423
0.4414373158374192,3.249249249249249
0.44338828508547223,3.2562562562562563
0.44535310428254604,3.2632632632632634
0.44733166353855514,3.27027027027027
0.4493238486269483,3.2772772772772774
0.4513295411186161,3.284284284284284
0.45334861851805763,3.2912912912912913
0.45538095440161896,3.2982982982982985
0.45742641855763666,3.305305305305305
0.459484877128304,3.3123123123123124
0.4615561927530857,3.319319319319319
0.46364022471349964,3.3263263263263263
0.4657368290790921,3.3333333333333335
0.46784585885442387,3.34034034034034
0.4699671641268919,3.3473473473473474
0.4721005922152076,3.354354354354354
0.4742459878183529,3.3613613613613613
0.4764031931648398,3.3683683683683685
0.47857204816209453,3.3753753753753752
0.48075239054579544,3.3823823823823824
0.4829440560289855,3.389389389389389
0.48514687845079274,3.3963963963963963
0.48736068992458315,3.4034034034034035
0.48958532098538055,3.4104104104104103
0.49182060073638456,3.4174174174174174
0.4940663569944239,3.424424424424424
0.49632241643417885,3.4314314314314314
0.4985886047310172,3.4384384384384385
0.5008647467022822,3.4454454454454453
0.5031506664468848,3.4524524524524525
0.5054461874830363,3.4594594594594597
0.507751132883987,3.4664664664664664
0.5100653254116163,3.4734734734734736
0.5123885876477352,3.4804804804804803
0.5147207421229645,3.4874874874874875
0.5170616114430511,3.4944944944944947
0.5194110184124934,3.5015015015015014
0.5217687861553526,3.5085085085085086
0.5241347382331172,3.5155155155155153
0.5265086987595133,3.5225225225225225
0.5288904925121438,3.5295295295295297
0.531279945040839,3.5365365365365364
0.5336768827726248,3.5435435435435436
0.536081133113202,3.5505505505505504
0.5384925245448386,3.5575575575575575
0.5409108867205914,3.5645645645645647
0.543336050554763,3.5715715715715715
0.5457678483095214,3.5785785785785786
0.5482061136775966,3.5855855855855854
0.5506506818609938,3.5925925925925926
0.5531013896456447,3.5995995995995997
0.5555580754719549,3.6066066066066065
0.5580205795011693,3.6136136136136137
0.5604887436775252,3.6206206206206204
0.5629624117861389,3.6276276276276276
0.565441429506587,3.6346346346346348
0.5679256444621563,3.6416416416416415
0.5704149062647166,3.6486486486486487
0.5729090665552184,3.6556556556556554
0.5754079790397764,3.6626626626626626
0.5779114995213384,3.66966966966967
0.5804194859269286,3.6766766766766765
0.5829317983304683,3.6836836836836837
0.5854482989711729,3.6906906906906904
0.5879688522675419,3.6976976976976976
0.5904933248269485,3.704704704704705
0.5930215854508567,3.7117117117117115
0.5955535051356924,3.7187187187187187
0.5980889570693886,3.725725725725726
0.6006278166236547,3.7327327327327327
0.6031699613420045,3.73973973973974
0.6057152709235865,3.7467467467467466
0.6082636272028763,3.7537537537537538
0.6108149141252801,3.760760760760761
0.6133690177187128,3.7677677677677677
0.6159258260612203,3.774774774774775
0.6184852292447105,3.7817817817817816
0.6210471193348737,3.7887887887887888
0.623611390327369,3.795795795795796
0.6261779381003615,3.8028028028028027
0.6287466603635034,3.80980980980981
0.6313174566034404,3.8168168168168166
0.6338902280259545,3.823823823823824
0.6364648774948318,3.830830830830831
0.639041309467568,3.8378378378378377
0.6416194299280137,3.844844844844845
0.6441991463160759,3.8518518518518516
0.6467803674545876,3.858858858858859
0.6493630034734645,3.865865865865866
0.6519469657312738,3.8728728728728727
0.6545321667343325,3.87987987987988
0.657118520053471,3.8868868868868867
0.6597059402385825,3.893893893893894
0.6622943427311,3.900900900900901
0.6648836437745296,3.9079079079079078
0.66747376032318,3.914914914914915
0.6700646099492258,3.9219219219219217
0.6726561107482459,3.928928928928929
0.6752481812433814,3.935935935935936
0.6778407402882534,3.942942942942943
0.6804337069687929,3.94994994994995
0.6830270005041215,3.956956956956957
0.6856205401466371,3.963963963963964
0.688214245081451,3.970970970970971
0.6908080343253249,3.977977977977978
0.6934018266252614,3.984984984984985
0.6959955403568936,3.991991991991992
0.698589093422826,3.998998998998999
0.7011824031510825,4.006006006006006
0.7037753861938003,4.013013013013013
0.7063679584263332,4.02002002002002
0.7089600348469014,4.027027027027027
0.7115515294769493,4.034034034034034
0.714142355262344,4.041041041041041
0.7167324239755791,4.048048048048048
0.7193216461191119,4.055055055055055
0.7219099308299921,4.062062062062062
0.724497185785919,4.069069069069069
0.7270833171128674,4.076076076076076
0.7296682292944259,4.083083083083083
0.732251825082978,4.09009009009009
0.7348340054128704,4.097097097097097
0.7374146693156942,4.104104104104104
0.7399937138378112,4.111111111111111
0.7425710339602574,4.118118118118118
0.745146522521138,4.125125125125125
0.7477200701406524,4.132132132132132
0.7502915651488518,4.1391391391391394
0.7528608935162568,4.146146146146146
0.7554279387874439,4.153153153153153
0.7579925820177063,4.16016016016016
0.7605547017129047,4.167167167167167
0.7631141737725973,4.1741741741741745
0.7656708714365599,4.181181181181181
0.7682246652347815,4.188188188188188
0.7707754229410291,4.195195195195195
0.7733230095300684,4.202202202202202
0.7758672871386225,4.2092092092092095
0.7784081150301454,4.216216216216216
0.780945349563484,4.223223223223224
0.7834788441654973,4.23023023023023
0.786008449307701,4.237237237237237
0.7885340124869884,4.2442442442442445
0.791055378210494,4.251251251251251
0.7935723879846421,4.258258258258259
0.7960848803084263,4.265265265265265
0.7985926906709686,4.272272272272272
0.8010956515533818,4.2792792792792795
0.8035935924349762,4.286286286286286
0.806086339803833,4.293293293293294
0.8085737171717602,4.3003003003003
0.8110555450936592,4.307307307307307
0.8135316411912974,4.314314314314315
0.8160018201815058,4.321321321321321
0.8184658939087948,4.328328328328329
0.8209236713823833,4.335335335335335
0.82337495881764,4.342342342342342
0.8258195596819077,4.34934934934935
0.8282572747447063,4.356356356356356
0.8306879021322803,4.363363363363364
0.8331112373864598,4.37037037037037
0.8355270735278107,4.377377377377377
0.8379352011230201,4.384384384384385
0.8403354083564845,4.391391391391391
0.8427274811060446,4.398398398398399
0.845111203022811,4.405405405405405
0.8474863556150306,4.412412412412412
0.849852718335917,4.41941941941942
0.8522100686753871,4.426426426426426
0.8545581822556267,4.433433433433434
0.8568968329304032,4.44044044044044
0.8592257928880541,4.4474474474474475
0.8615448327580532,4.454454454454455
0.8638537217210706,4.461461461461461
0.8661522276224329,4.468468468468469
0.8684401170888761,4.475475475475475
0.8707171556485024,4.4824824824824825
0.8729831078538182,4.48948948948949
0.8752377374077571,4.496496496496496
0.8774808072925672,4.503503503503504
0.8797120799014394,4.51051051051051
0.8819313171727743,4.5175175175175175
0.8841382807269399,4.524524524524525
0.8863327320054125,4.531531531531531
0.8885144324121602,4.538538538538539
0.8906831434571372,4.545545545545545
0.8928386269017594,4.5525525525525525
0.8949806449062129,4.55955955955956
0.8971089601784629,4.566566566566566
0.8992233361248183,4.573573573573574
0.9013235370019018,4.58058058058058
0.9034093280698883,4.587587587587588
0.9054804757468505,4.594594594594595
0.9075367477640729,4.601601601601601
0.9095779133221744,4.608608608608609
0.911603743247887,4.615615615615615
0.9136140101513426,4.622622622622623
0.915608488583702,4.62962962962963
0.9175869551949777,4.636636636636636
0.9195491888918924,4.643643643643644
0.9214949709956085,4.65065065065065
0.9234240853991834,4.657657657657658
0.9253363187245789,4.664664664664665
0.927231460479076,4.671671671671671
0.9291093032109341,4.678678678678679
0.930969642664133,4.685685685685685
0.9328122779320498,4.692692692692693
0.934637011609903,4.6996996996997
0.9364436499458157,4.706706706706706
0.9382320029903425,4.713713713713714
0.9400018847442987,4.7207207207207205
0.9417531133047535,4.727727727727728
0.9434855110090216,4.734734734734735
0.9451989045765118,4.741741741741741
0.9468931252482867,4.748748748748749
0.9485680089241794,4.7557557557557555
0.9502233962973349,4.762762762762763
0.9518591329860239,4.76976976976977
0.9534750696625978,4.776776776776776
0.9550710621794463,4.783783783783784
0.9566469716918206,4.7907907907907905
0.9582026647773979,4.797797797797798
0.9597380135524521,4.804804804804805
0.961252895784511,4.811811811811811
0.9627471950013765,4.818818818818819
0.9642208005963872,4.8258258258258255
0.965673607929815,4.832832832832833
0.9671055184262765,4.83983983983984
0.9685164396680563,4.846846846846846
0.9699062854842406,4.853853853853854
0.9712749760355522,4.8608608608608606
0.9726224378948047,4.867867867867868
0.9739486041228711,4.874874874874875
0.9752534143400877,4.881881881881881
0.9765368147930089,4.888888888888889
0.9777987584164299,4.895895895895896
0.9790392048906106,4.902902902902903
0.9802581206936243,4.90990990990991
0.9814554791487698,4.916916916916916
0.9826312604669881,4.923923923923924
0.983785451784222,4.930930930930931
0.9849180471936795,4.937937937937938
0.9860290477729406,4.944944944944945
0.9871184616058816,4.951951951951951
0.9881863037993708,4.958958958958959
0.989232596494709,4.965965965965966
0.9902573688737916,4.972972972972973
0.9912606571599658,4.97997997997998
0.9922425046135745,4.986986986986987
0.9932029615221719,4.993993993993994
0.9941420851854073,5.001001001001001
0.9950599398945787,5.008008008008008
0.9959565969068607,5.015015015015015
0.9968321344142145,5.022022022022022
0.9976866375070019,5.029029029029029
0.9985201981323182,5.036036036036036
0.9993329150470726,5.043043043043043
1.000124893765848,5.05005005005005
1.0008962465035747,5.057057057057057
1.0016470921130605,5.064064064064064
1.002377556017421,5.071071071071071
1.0030877701374672,5.078078078078078
1.0037778728140976,5.085085085085085
1.0044480087257641,5.092092092092092
1.0050983288010733,5.099099099099099
1.0057289901265933,5.106106106106106
1.0063401558499434,5.113113113113113
1.0069319950782445,5.12012012012012
1.007504682772016,5.127127127127127
1.0080583996346062,5.134134134134134
1.008593331997251,5.141141141141141
1.0091096716998567,5.148148148148148
1.0096076159676075,5.155155155155155
1.010087367283508,5.162162162162162
1.0105491332569627,5.1691691691691695
1.0109931264885115,5.176176176176176
1.0114195644308364,5.183183183183183
1.0118286692461582,5.19019019019019
1.0122206676601508,5.197197197197197
1.012595790812497,5.2042042042042045
1.0129542741042175,5.211211211211211
1.0132963570419093,5.218218218218218
1.0136222830790258,5.225225225225225
1.0139322994543416,5.232232232232232
1.014226657027743,5.2392392392392395
1.0145056101134884,5.246246246246246
1.0147694163110883,5.253253253253253
1.015018336333949,5.26026026026026
1.015252633835939,5.267267267267267
1.015472575236025,5.2742742742742745
1.015678429541137,5.281281281281281
1.0158704681674169,5.288288288288288
1.0160489647600117,5.295295295295295
1.016214195011568,5.302302302302302
1.016366436479592,5.3093093093093096
1.0165059684028352,5.316316316316316
1.0166330715168688,5.323323323323323
1.0167480278690106,5.33033033033033
1.0168511206327697,5.337337337337337
1.0169426339219714,5.344344344344345
1.017022852604729,5.351351351351351
1.0170920621174258,5.358358358358358
1.0171505482788736,5.365365365365365
1.01719859710481,5.372372372372372
1.017236494622902,5.37937937937938
1.0172645266884124,5.386386386386387
1.0172829788007018,5.393393393393393
1.0172921359207192,5.4004004004004
1.0172922822896433,5.407407407407407
1.0172837012488396,5.414414414414415
1.0172666750612844,5.421421421421422
1.017241484734615,5.428428428428428
1.017208409845961,5.435435435435435
1.0171677283687104,5.4424424424424425
1.0171197165013586,5.44944944944945
1.0170646484985917,5.456456456456457
1.0170027965047492,5.463463463463463
1.01693443038981,5.47047047047047
1.0168598175880443,5.4774774774774775
1.016779222939469,5.484484484484485
1.0166929085342422,5.491491491491492
1.016601133560131,5.498498498498498
1.0165041541531803,5.505505505505505
1.0164022232517127,5.5125125125125125
1.016295590453777,5.51951951951952
1.016184501878171,5.526526526526527
1.0160692000291511,5.533533533533533
1.0159499236649416,5.54054054054054
1.0158269076701525,5.5475475475475475
1.0157003829322113,5.554554554554555
1.015570576221909,5.561561561561562
1.0154377100781546,5.568568568568568
1.0153020026970363,5.575575575575575
1.0151636678252682,5.5825825825825826
1.0150229146581182,5.58958958958959
1.0148799477418842,5.596596596596597
1.0147349668810017,5.603603603603603
1.014588167049851,5.61061061061061
1.0144397383093278,5.617617617617618
1.0142898657282378,5.624624624624625
1.014138729309576,5.631631631631632
1.013986503921736,5.638638638638638
1.0138333592346993,5.645645645645645
1.0136794596612464,5.652652652652653
1.013524964303223,5.65965965965966
1.013370026902897,5.666666666666667
1.013214795799431,5.673673673673673
1.0130594138904918,5.68068068068068
1.0129040185990137,5.687687687687688
1.0127487418451293,5.694694694694695
1.01259371002327,5.701701701701702
1.012439043984444,5.708708708708708
1.0122848590236824,5.7157157157157155
1.012131264872649,5.722722722722723
1.0119783656973993,5.72972972972973
1.0118262601012695,5.736736736736737
1.0116750411328739,5.743743743743743
1.0115247962991814,5.7507507507507505
1.011375607583638,5.757757757757758
1.0112275514692983,5.764764764764765
1.011080698966923,5.771771771771772
1.010935115647995,5.778778778778778
1.0107908616826018,5.7857857857857855
1.0106479918821276,5.792792792792793
1.0105065557466946,5.7997997997998
1.0103665975172877,5.806806806806807
1.010228156232492,5.813813813813813
1.010091265789767,5.8208208208208205
1.0099559550111845,5.827827827827828
1.0098222477135406,5.834834834834835
1.0096901627827586,5.841841841841842
1.0095597142524924,5.848848848848848
1.0094309113868336,5.8558558558558556
1.0093037587670246,5.862862862862863
1.0091782563820768,5.86986986986987
1.0090543997231862,5.876876876876877
1.0089321798818383,5.883883883883884
1.0088115836514893,5.890890890890891
1.0086925936327091,5.897897897897898
1.008575188341666,5.904904904904905
1.0084593423218307,5.911911911911912
1.0083450262587772,5.918918918918919
1.0082322070979515,5.925925925925926
1.0081208481652795,5.932932932932933
1.0080109092904799,5.93993993993994
1.0079023469329498,5.946946946946947
1.0077951143100838,5.953953953953954
1.007689161527891,5.960960960960961
1.007584435713764,5.967967967967968
1.0074808811512657,5.974974974974975
1.0073784394167797,5.981981981981982
1.0072770495178875,5.988988988988989
1.0071766480333222,5.995995995995996
1.0070771692543494,6.003003003003003
1.0069785453274298,6.01001001001001
1.0068807063980123,6.017017017017017
1.0067835807553054,6.024024024024024
1.0066870949778801,6.031031031031031
1.0065911740799496,6.038038038038038
1.006495741658175,6.045045045045045
1.0064007200388476,6.052052052052052
1.0063060304252938,6.059059059059059
1.0062115930453515,6.066066066066066
1.0061173272987693,6.073073073073073
1.006023151904378,6.08008008008008
1.00592898504688,6.087087087087087
1.0058347445231155,6.094094094094094
1.0057403478876519,6.101101101101101
1.0056457125975524,6.108108108108108
1.0055507561561767,6.115115115115115
1.005455396255873,6.122122122122122
1.0053595509194138,6.129129129129129
1.005263138640042,6.136136136136136
1.0051660785199803,6.143143143143143
1.005068290407274,6.15015015015015
1.0049696950308287,6.157157157157157
1.0048702141335109,6.1641641641641645
1.004769770603183,6.171171171171171
1.0046682886015437,6.178178178178178
1.004565693690648,6.185185185185185
1.0044619129569874,6.192192192192192
1.0043568751330079,6.1991991991991995
1.0042505107159516,6.206206206206206
1.0041427520839075,6.213213213213213
1.0040335336089603,6.22022022022022
1.0039227917673346,6.227227227227227
1.0038104652464244,6.2342342342342345
1.0036964950486156,6.241241241241241
1.0035808245917968,6.248248248248248
1.003463399806475,6.255255255255255
1.0033441692293987,6.262262262262262
1.0032230840936076,6.2692692692692695
1.0031000984148302,6.276276276276276
1.0029751690741444,6.283283283283283
1.0028482558968363,6.29029029029029
1.002719321727384,6.297297297297297
1.0025883325004994,6.3043043043043046
1.0024552573081749,6.311311311311311
1.0023200684626696,6.318318318318318
1.0021827415553903,6.325325325325325
1.0020432555116152,6.332332332332332
1.0019015926410197,6.33933933933934
1.001757738683965,6.346346346346346
1.0016116828535127,6.353353353353353
1.0014634178731414,6.36036036036036
1.0013129400101333,6.367367367367367
1.001160249104615,6.374374374374375
1.0010053485942343,6.381381381381381
1.0008482455344612,6.388388388388388
1.0006889506145078,6.395395395395395
1.0005274781688613,6.402402402402402
1.000363846184436,6.40940940940941
1.0001980763033473,6.416416416416417
1.0000301938213219,6.423423423423423
0.9998602276817551,6.43043043043043
0.9996882104654418,6.4374374374374375
0.9995141783759985,6.444444444444445
0.99933817122101,6.451451451451452
0.9991602323889307,6.458458458458458
0.9989804088217805,6.465465465465465
0.9987987509836743,6.4724724724724725
0.998615312825233,6.47947947947948
0.9984301517439238,6.486486486486487
0.9982433285403857,6.493493493493493
0.9980549073707965,6.5005005005005
0.9978649556953453,6.5075075075075075
0.997673544222872,6.514514514514515
0.9974807468517496,6.521521521521522
0.9972866406070758,6.528528528528528
0.997091305574256,6.535535535535535
0.9968948248290543,6.5425425425425425
0.9966972843641994,6.54954954954955
0.9964987730126282,6.556556556556557
0.9962993823674635,6.563563563563563
0.9960992066988125,6.57057057057057
0.9958983428674875,6.5775775775775776
0.9956968902357461,6.584584584584585
0.9954949505751538,6.591591591591592
0.995292627971672,6.598598598598598
0.9950900287280819,6.605605605605605
0.9948872612638527,6.612612612612613
0.9946844360125647,6.61961961961962
0.9944816653170049,6.626626626626627
0.9942790633220495,6.633633633633633
0.9940767458654528,6.64064064064064
0.9938748303666617,6.647647647647648
0.9936734357137801,6.654654654654655
0.9934726821488041,6.661661661661662
0.9932726911512559,6.668668668668668
0.9930735853203397,6.675675675675675
0.9928754882557512,6.682682682682683
0.9926785244372648,6.68968968968969
0.9924828191032325,6.696696696696697
0.9922884981281211,6.703703703703703
0.9920956878992214,6.7107107107107105
0.9919045151926593,6.717717717717718
0.9917151070488415,6.724724724724725
0.9915275906474669,6.731731731731732
0.9913420931822378,6.738738738738738
0.9911587417353998,6.7457457457457455
0.9909776631522463,6.752752752752753
0.9907989839157157,6.75975975975976
0.9906228300212144,6.766766766766767
0.9904493268517955,6.773773773773773
0.9902785990538238,6.7807807807807805
0.9901107704132543,6.787787787787788
0.9899459637326548,6.794794794794795
0.9897843007090964,6.801801801801802
0.9896259018130413,6.808808808808808
0.9894708861683478,6.8158158158158155
0.9893193714335187,6.822822822822823
0.9891714736843131,6.82982982982983
0.9890273072978408,6.836836836836837
0.9888869848382564,6.843843843843843
0.9887506169441702,6.8508508508508505
0.9886183122178875,6.857857857857858
0.9884901771165898,6.864864864864865
0.9883663158455642,6.871871871871872
0.9882468302535897,6.878878878878878
0.9881318197305837,6.885885885885886
0.9880213811076102,6.892892892892893
0.9879156085593478,6.8998998998999
0.9878145935091147,6.906906906906907
0.987718424536542,6.913913913913914
0.9876271872879873,6.920920920920921
0.9875409643897735,6.927927927927928
0.987459835364338,6.934934934934935
0.9873838765493727,6.941941941941942
0.9873131610200302,6.948948948948949
0.9872477585142742,6.955955955955956
0.987187735361439,6.962962962962963
0.9871331544140703,6.96996996996997
0.9870840749831061,6.976976976976977
0.987040552776462,6.983983983983984
0.9870026398410716,6.990990990990991
0.9869703845084404,6.997997997997998
0.986943831343756,7.005005005005005
0.9869230210986034,7.012012012012012
0.9869079906673252,7.019019019019019
0.9868987730470622,7.026026026026026
0.9868953973015101,7.033033033033033
0.9868978885284205,7.04004004004004
0.9869062678308702,7.047047047047047
0.9869205522923227,7.054054054054054
0.9869407549554977,7.061061061061061
0.9869668848050622,7.068068068068068
0.9869989467541536,7.075075075075075
0.9870369416347382,7.082082082082082
0.9870808661918106,7.089089089089089
0.9871307130814272,7.096096096096096
0.9871864708725705,7.103103103103103
0.9872481240528332,7.11011011011011
0.9873156530379075,7.117117117117117
0.9873890341848622,7.124124124124124
0.9874682398091862,7.131131131131131
0.9875532382055717,7.138138138138138
0.9876439936724091,7.145145145145145
0.9877404665399595,7.152152152152152
0.9878426132021688,7.1591591591591595
0.9879503861520829,7.166166166166166
0.9880637340208195,7.173173173173173
0.9881826016200511,7.18018018018018
0.9883069299879454,7.187187187187187
0.9884366564385115,7.1941941941941945
0.988571714614293,7.201201201201201
0.9887120345423485,7.208208208208208
0.9888575426934524,7.215215215215215
0.9890081620444551,7.222222222222222
0.9891638121437251,7.2292292292292295
0.989324409179606,7.236236236236236
0.9894898660518098,7.243243243243243
0.9896600924456681,7.25025025025025
0.9898349949091615,7.257257257257257
0.990014476932641,7.2642642642642645
0.9901984390311581,7.271271271271271
0.9903867788293118,7.278278278278278
0.9905793911485249,7.285285285285285
0.9907761680966535,7.292292292292292
0.9909769991598371,7.2992992992992995
0.9911817712964898,7.306306306306306
0.9913903690333369,7.313313313313313
0.9916026745633924,7.32032032032032
0.9918185678457777,7.327327327327327
0.9920379267072779,7.334334334334335
0.9922606269455277,7.341341341341341
0.9924865424337246,7.348348348348348
0.9927155452267569,7.355355355355355
0.9929475056686423,7.362362362362362
0.9931822925011645,7.36936936936937
0.9934197729735977,7.376376376376376
0.9936598129534097,7.383383383383383
0.9939022770378286,7.39039039039039
0.9941470286661646,7.397397397397397
0.9943939302327706,7.404404404404405
0.9946428432005314,7.411411411411412
0.9948936282147686,7.418418418418418
0.995146145217445,7.425425425425425
0.9954002535615609,7.4324324324324325
0.9956558121256252,7.43943943943944
0.9959126794280911,7.446446446446447
0.9961707137416461,7.453453453453453
0.9964297732072414,7.46046046046046
0.9966897159477539,7.4674674674674675
0.9969504001811701,7.474474474474475
0.9972116843331821,7.481481481481482
0.9974734271490902,7.488488488488488
0.9977354878049038,7.495495495495495
0.9979977260175364,7.5025025025025025
0.9982600021539912,7.50950950950951
0.9985221773394337,7.516516516516517
0.9987841135640517,7.523523523523523
0.9990456737886039,7.53053053053053
0.9993067220485581,7.5375375375375375
0.9995671235567252,7.544544544544545
0.9998267448042947,7.551551551551552
1.0000854536601806,7.558558558558558
1.0003431194685888,7.565565565565565
1.0005996131447166,7.5725725725725725
1.0008548072685035,7.57957957957958
1.0011085761763479,7.586586586586587
1.0013607960507096,7.593593593593593
1.0016113450075232,7.6006006006006
1.0018601031813452,7.607607607607608
1.0021069528081639,7.614614614614615
1.0023517783058025,7.621621621621622
1.0025944663518485,7.628628628628628
1.0028349059590458,7.635635635635635
1.00307298854809,7.642642642642643
1.0033086080177664,7.64964964964965
1.0035416608123782,7.656656656656657
1.0037720459864123,7.663663663663663
1.0039996652663947,7.67067067067067
1.0042244231098882,7.677677677677678
1.004446226761593,7.684684684684685
1.0046649863065074,7.691691691691692
1.0048806147201166,7.698698698698698
1.0050930279155748,7.7057057057057055
1.0053021447878498,7.712712712712713
1.005507887254809,7.71971971971972
1.0057101802952182,7.726726726726727
1.0059089519836377,7.733733733733733
1.0061041335221983,7.7407407407407405
1.0062956592692454,7.747747747747748
1.0064834667648384,7.754754754754755
1.006667496753106,7.761761761761762
1.006847693201446,7.768768768768768
1.0070240033165785,7.7757757757757755
1.0071963775574486,7.782782782782783
1.0073647696449937,7.78978978978979
1.0075291365687769,7.796796796796797
1.0076894385905089,7.803803803803803
1.007845639244467,7.8108108108108105
1.007997705334838,7.817817817817818
1.008145606930002,7.824824824824825
1.0082893173537892,7.831831831831832
1.008428813173732,7.838838838838838
1.008564074186351,7.8458458458458455
1.008695083399507,7.852852852852853
1.0088218270118536,7.85985985985986
1.0089442943894398,7.866866866866867
1.0090624780394972,7.873873873873873
1.0091763735814627,7.880880880880881
1.0092859797152853,7.887887887887888
1.0093912981870687,7.894894894894895
1.0094923337521013,7.901901901901902
1.009589094135333,7.908908908908908
1.0096815899893572,7.915915915915916
1.009769834849957,7.922922922922923
1.0098538450892833,7.92992992992993
1.0099336398667238,7.936936936936937
1.010009241077539,7.943943943943944
1.0100806732993262,7.950950950950951
1.010147963736391,7.957957957957958
1.0102111421620923,7.964964964964965
1.0102702408592419,7.971971971971972
1.0103252945586314,7.978978978978979
1.0103763403757668,7.985985985985986
1.0104234177458902,7.992992992992993
1.0104665683573675,8.0
